6005
7877
6809
5744
5821
3368
9639
5840
8373
8922
9536
1468
4167
3078
7298
5935
6179
4782
8984
9251
3550
4573
3290
2256
2631
1579
6739
5792
4991
2721
3654
3234
4088
6820
8347
8325
2715
6151
7039
6226
5557
7793
6621
1653
5321
7750
9843
2101
3547
113
8381
1619
6679
9269
798
1292
6104
901
2716
3071
3088
9864
7890
7376
5687
9432
3310
480
6824
5627
459
54
4716
4881
9813
565
3534
2386
5111
6669
4189
2649
7224
6423
9699
127
1062
6850
3949
1854
7153
4978
8406
218
3220
2914
4086
852
9996
8380
9380
6202
9114
2570
1885
6426
2972
5825
7675
7507
815
6687
3385
6354
2744
4791
8647
7972
5998
4641
5975
5429
7331
7697
4147
7022
6379
4514
999
6425
5328
5839
9926
5332
7670
5801
9901
6832
6615
9229
5075
8138
3326
8621
5378
6275
3573
1152
1427
9300
869
7084
2660
9311
158
990
8526
7662
3387
5111
4763
5944
3093
7173
3340
8462
4938
8342
8009
9763
2038
3641
3331
9453
880
9401
6523
1301
1725
3355
6683
645
971
816
3620
1301
2447
8072
7452
9023
4055
5346
5003
3712
6165
5857
4400
9111
628
4637
2686
4046
2061
1187
8508
2334
8610
8323
1585
8403
1290
3323
4574
321
293
4390
3101
2008
8721
9356
3593
8405
9365
9746
1432
8675
730
5676
5544
851
2150
9093
6065
749
8053
515
807
4351
6400
193
1718
9946
3708
2450
9323
9784
8411
2845
8046
9906
9456
4858
1997
8865
3211
9265
9921
3478
631
117
2502
4184
9474
5813
5488
4484
6311
1486
1524
7206
7750
3004
6138
3365
6500
745
4623
4256
2628
4760
4228
1716
9806
5941
9397
9185
5892
2511
4399
5476
9432
6918
634
6156
4118
1220
7403
2444
3446
4939
5094
5926
4680
9368
3387
2337
3819
6462
6187
9276
9757
2956
804
675
3181
3460
6848
1673
8345
4946
5863
7162
3446
8912
1493
4420
5465
7695
5789
8973
2953
2755
6656
2729
8812
6949
9479
6846
8073
4362
1005
6877
6448
1545
2933
5229
6080
1399
2731
559
9759
2571
5278
2
5962
2597
1649
4999
2834
1028
4782
6
1500
1952
8878
8657
4782
2766
2729
4398
7458
3354
557
9281
8139
806
706
8552
5116
9065
4274
6675
7030
4984
6429
4737
9084
5042
5615
5859
5537
8264
8899
3437
3278
7537
1092
9630
836
4700
3497
7889
1241
4398
4305
4750
8333
9522
1283
4306
8404
4040
3584
1302
1846
8568
1246
6892
5650
4734
8278
9239
6688
9535
7054
5646
1052
7832
9180
658
9669
903
1989
7768
4013
6069
3347
9551
3699
9148
4125
5781
4810
8641
5379
380
9456
6244
3772
3698
9704
4572
458
5633
3849
8496
3280
8946
3618
9240
385
6072
3335
5692
1014
8873
5556
5860
3173
6718
8954
6814
944
9592
8286
1181
6798
9132
8268
5592
7679
6429
3957
8717
4831
7604
8177
3911
5775
8726
9743
5430
2558
3032
6529
2612
5942
9659
6649
7817
8885
3851
6771
5150
807
2650
365
7508
4922
8718
1070
6601
4385
